00110010010000111111011010101000
00011101101011000110011100000101
00001111101011011011101011111100
00000111111101010110111010100110
00000011111111101010101101110110
00000001111111111101010101011011
00000000111111111111101010101010
00000000011111111111111101010101
00000000001111111111111111101010
00000000000111111111111111111101
00000000000011111111111111111111
00000000000001111111111111111111
00000000000000111111111111111111
00000000000000011111111111111111
00000000000000001111111111111111
00000000000000000111111111111111
00000000000000000011111111111111
00000000000000000001111111111111
00000000000000000000111111111111
00000000000000000000011111111111
00000000000000000000001111111111
00000000000000000000000111111111
00000000000000000000000011111111
00000000000000000000000001111111
00000000000000000000000000111111
00000000000000000000000000011111
00000000000000000000000000001111
00000000000000000000000000001000
00000000000000000000000000000100
00000000000000000000000000000010
00000000000000000000000000000001
